1446172536
1446185744
1446272184
1446340264
1446343792
1446345376
1446356136
1446430192
1446433560
1446862216
1446944288
1446945600
1446946472
1446948624
1446961200
1446961944
1446962904
1446963520
1446968160
1447042200
1447047656
1447048272
1447049192
1447049920
1447054584
1447114552
1447125664
1447134112
1447134712
1447135536
1447136320
1447141016
1447203512
1447205648
1447206568
1447207864
1447212104
1447213024
1447216536
1447220568
1447221936
1447224880
1447289904
1447292040
1447293088
1447294280
1447298544
1447302936
1447307032
1447308336
1447311312
1447376320
1447378432
1447379616
1447380696
1447384992
1447388616
1447392184
1447393488
1447394736
1447397744
1447462688
1447464928
1447466016
1447467112
1447469616
1447478536
1447479944
1447481136
1447484168
1447549088
1447551320
1447552416
1447553536
1447556016
1447561416
1447564880
1447566408
1447567536
1447570600
1447635480
1447637704
1447638816
1447639960
1447642416
1447647816
1447651216
1447652232
1447652864
1447657032
