1403324360
1411516080
1411518512
1411520872
1411521480
1411540272
1411541096
1411545320
1411604728
1411605336
1411606664
1411607272
1411607880
1411626720
1411627488
1411631632
1411689936
1411691032
1411691640
1411694272
1411713160
1411713880
1411717896
1411775120
1411776368
1411777232
1411778088
1411780664
1411799592
1411800272
1411804216
1411861008
1411863568
1411864232
1411867056
1411886016
1411886664
1411890632
1411947128
1411947736
1411950120
1411950728
1411953448
1411972440
1411973056
1411975392
1412034112
1412036592
1412038216
1412039840
1412059448
1412060328
1412061680
1412120504
1412123088
1412124616
1412126232
1412145840
1412146968
1412147944
1412209992
1412212576
1412213400
1412214096
1412215288
1412238936
1412240288
1412296376
1412298872
1412300816
1412301672
1412302272
1412325256
1412326232
1412381688
1412382608
1412385256
1412387192
1412388048
1412411528
1412412288
1412468992
1412471656
1412473472
1412474432
1412475032
1412497912
1412500168
1412555376
1412558056
1412561064
1412561664
1412562696
1412573168
1412574168
1412577928
1412640448
1412641760
1412646040
1412647944
1412650464
1412659072
1412664312
1412665576
1412730424
1412732400
1412733776
1412734376
1412737024
1412745488
1412750696
1412752000
1412816792
1412818760
1412820136
1412820736
1412823664
1412830120
1412831904
1412837080
1412899200
1412903168
1412905112
1412907072
1412910080
1412916280
1412918320
1412923472
1412989536
1412991504
1412992864
1412993464
1412996464
1413002536
1413004736
1413009864
1413075904
1413077888
1413079232
1413079832
1413082856
1413088696
1413091160
1413096256
1413157944
1413162272
1413164272
1413166208
1413169192
1413177576
1413181784
1413182648
1413248640
1413249616
1413250656
1413251968
1413252584
1413264000
1413268040
1413269040
1413335008
1413336016
1413337040
1413338336
1413338968
1413350424
1413354240
1413355440
1413416680
1413421376
1413422408
1413423432
1413425344
1413436856
1413440560
1413441840
1413507744
1413508800
1413509816
1413511080
1413511728
1413523280
1413526832
1413528240
1413594112
1413596200
1413596912
1413597512
1413598128
1413609712
1413613088
1413614640
1413675408
1413680480
1413682584
1413683424
1413684528
1413696136
1413698128
1413701040
1413766848
1413768968
1413769984
1413770584
1413771184
1413782568
1413784352
1413787440
1413853216
1413855352
1413856424
1413857024
1413857624
1413869000
1413870584
1413873848
1413934120
1413939584
1413941744
1413943552
1413944160
1413955440
1413956864
1413960256
1414023640
1414028128
1414029392
1414030040
1414030712
1414041872
1414043072
1414046664
1416639472
1416698696
1416704056
1416706232
1416708792
1416711016
1416721816
1416723328
1416725904
1416778304
1416787792
1416790712
1416792632
1416797416
1416808216
1416809728
1416812336
1416876864
1416879024
1416882016
1416883816
1416891792
1416894616
1416896128
1416898776
1416957832
1416963264
1416965424
1416968120
1416970216
1416981016
1416982536
1416985216
1417036464
1417046968
1417050152
1417051816
1417056616
1417067416
1417068936
1417071664
1417133376
1417137608
1417138216
1417143016
1417151000
1417153816
1417155336
1417158112
1417216992
1417222456
1417224616
1417227464
1417229392
1417238416
1417240216
1417244552
1417295360
1417308872
1417309568
1417311024
1417315816
1417324816
1417326616
1417395288
1417397424
1417398024
1417402216
1417410496
1417411216
1417413016
1417417424
1417476168
1417481704
1417483832
1417486816
1417488616
1417497616
1417499416
1417503864
1417554632
1417568120
1417568968
1417570240
1417575016
1417582216
1417585816
1417590328
1417651776
1417654784
1417657720
1417661416
1417668616
1417669992
1417672216
1417735368
1417738192
1417741192
1417746016
1417747816
1417755016
1417758616
1417763184
1417813912
1417824616
1417827608
1417828392
1417834216
1417841416
1417845016
1417849608
1417911032
1417914016
1417917016
1417920608
1417927816
1417929488
1417931416
1417936032
1417994600
1417997448
1418000432
1418005992
1418007000
1418017816
1418022456
1418025160
1418073192
1418083856
1418086840
1418087752
1418093392
1418104216
1418108880
1418111608
1418170280
1418173256
1418176216
1418178016
1418188816
1418190616
1418195304
1418198056
1418253856
1418256696
1418259672
1418264416
1418265192
1418277016
1418281728
1418284496
1418332480
1418343120
1418346080
1418347064
1418350816
1418363416
1418368152
1418370936
1418429544
1418432496
1418435416
1418437216
1418448792
1418449816
1418454576
1418457368
1418513144
1418515968
1418518912
1418523616
1418524472
1418536216
1418541000
1418543808
1418591768
1418597992
1418602248
1418602856
1418604616
1418627416
1418628016
1418630240
1418688672
1418689280
1418691016
1418713216
1418713840
1418714440
1418715168
1418716672
1418772472
1418775104
1418775712
1418776704
1418777416
1418799648
1418800256
1418803104
1418851056
1418861536
1418862144
1418863816
1418886016
1418886680
1418887280
1418889536
1418947960
1418948568
1418950216
1419058904
1419059512
1419062392
1419120824
1419121432
1419123016
1419145216
1419145928
1419146528
1419148880
1419159496
1419207256
1419207864
1419209416
1419231616
1419232344
1419232944
1419233544
1419235304
1419291264
1419293688
1419294296
1419295008
1419295616
1419318152
1419318760
1419321728
1419380128
1419380736
1419382216
1419404416
1419405176
1419405776
1419408152
1419418784
1419466560
1419467168
1419468616
1419490984
1419491592
1419492192
1419492792
1419494576
1419550736
1419552704
1419553312
1419554328
1419555016
1419578008
1419578608
1419580992
1419642392
1419646816
1419650376
1419659392
1419663544
1419664424
1419667408
1419678072
1419728816
1419733216
1419735016
1419736800
1419745784
1419748392
1419750832
1419753816
1419815240
1419819616
1419823216
1419832192
1419836456
1419837248
1419840240
1419850928
1419901664
1419903920
1419906016
1419918616
1419920392
1419921192
1419923656
1419926664
1419988096
1419990344
1419992416
1419994992
1420002192
1420007592
1420010072
1420013080
1420074520
1420076776
1420078816
1420088592
1420094616
1420095880
1420096736
1420110208
1420160944
1420163200
1420165216
1420174992
1420177816
1420180392
1420181024
1420183152
1420247432
1420249632
1420251616
1420254352
1420261392
1420266824
1420269568
1420336056
1420338016
1420347792
1420353832
1420355288
1420355984
1420369488
1420420312
1420422480
1420424416
1420435216
1420436872
1420438400
1420440240
1420442400
1420506744
1420508904
1420510816
1420513848
1420523256
1420524792
1420526640
1420531480
1420593192
1420595328
1420597216
1420609704
1420613040
1420614704
1420617888
1420628424
1420679640
1420681752
1420683616
1420696032
1420696992
1420697592
1420699440
1420701600
1420766080
1420768176
1420770016
1420773200
1420782416
1420783968
1420785832
1420788000
1420852520
1420854600
1420856416
1420868736
1420870360
1420872232
1420874400
1420886576
1420938960
1420941016
1420941792
1420955352
1420956192
1420956792
1420958632
1420960808
1421025392
1421028192
1421030600
1421031792
1421041648
1421042592
1421045032
1421047216
1421111840
1421114592
1421118192
1421128168
1421129528
1421131416
1421133608
1421144864
1421198280
1421200992
1421202792
1421214424
1421215392
1421217200
1421217808
1421220000
1421284720
1421287392
1421289192
1421289904
1421300808
1421301792
1421304200
1421306400
1421371152
1421373792
1421375592
1421387192
1421389152
1421390600
1421392808
1421544032
1421546592
1421548864
1421550192
1421559968
1421561032
1421563376
1421565592
1421630464
1421632992
1421634792
1421646352
1421647392
1421651992
1421661712
1421719392
1421721192
1421731992
1421732736
1421734016
1421736152
1421803328
1421805792
1421806720
1421807592
1421819208
1421820504
1421822640
1421824792
1421889760
1421892192
1421894040
1421907096
1421908392
1421909040
1421911176
1421920232
1421976192
1421978592
1421980496
1421991240
1421993448
1421994824
1421995432
1421997568
1422060056
1422063216
1422065592
1422066952
1422079920
1422081824
1422082872
1422146496
1422151392
1422153416
1422232920
1422237792
1422239872
1422252224
1422252832
1422254616
1422255656
1422256800
1422319352
1422322416
1422324504
1422326328
1422405800
1422410592
1422412784
1422492232
1422496992
1423013320
1423015392
1423017944
1423188232
1423190840
1423199752
1423201592
1423204912
1423206976
1423213352
1423272584
1423277288
1423286128
1423289296
1423289904
1423291288
1423293360
1423359008
1423361096
1423363816
1423365576
1423375520
1423376312
1423377648
1423379736
1423472048
1423531840
1423533960
1423536608
1423545576
1423546488
1423548696
1423550312
1423877488
1423879680
1423880416
1423882216
1423963888
1423966104
1423968616
1423980344
1423982336
1423983280
1423984440
1423989472
1424050296
1424052536
1424055016
1424066808
1424067464
1424068728
1424069672
1424070808
1424134680
1424136696
1424137816
1424141416
1424153840
1424155112
1424156096
1424157176
1424221080
1424223096
1424227816
1424233992
1424241504
1424242528
1424243552
1424248208
1424307472
1424309496
1424314216
1424325968
1424326592
1424327888
1424329176
1424329920
1424393864
1424395896
1424396848
1424400616
1424406792
1424412968
1424414280
1424416288
1424480264
1424482296
1424487016
1424493200
1424495696
1424500664
1424502656
1424506944
1424566656
1424568696
1424573416
1424585096
1424585704
1424587056
1424589032
1424590136
1424653048
1424655088
1424659816
1424660592
1424672072
1424673440
1424675400
1424676568
1424739440
1424741480
1424746992
1424753104
1424754872
1425785592
1425791056
1425794712
1425796448
1425797472
1425798312
1425800760
1425801736
1425862712
1425864720
1425865816
1425870192
1425881064
1425882840
1425883880
1425884688
1425888072
1425949088
1425951112
1425956592
1425962560
1425967408
1425969232
1425970448
1425971056
1425973272
1425974408
1426035464
1426037512
1426042992
1426051992
1426053792
1426057120
1426058248
1426059648
1426060744
1426121840
1426123904
1426129392
1426131240
1426140192
1426143520
1426144664
1426145792
1426146392
1426147080
1426208216
1426210288
1426215792
1426223360
1426226592
1426229912
1426231152
1426232424
1426233416
1426294592
1426296680
1426302192
1426311192
1426312992
1426316312
1426317600
1426318320
1426318920
1426319752
1426380968
1426383072
1426386792
1426388640
1426399392
1426402712
1426404240
1426405192
1426406088
1426467344
1426469464
1426474992
1426482640
1426485792
1426489112
1426489712
1426490840
1426491560
1426492424
1426553720
1426555848
1426561392
1426571416
1426573992
1426575512
1426577336
1426577944
1426578760
1426640088
1426642232
1426647016
1426647792
1426655992
1426661912
1426662688
1426663368
1426664336
1426665096
1426726464
1426728624
1426734192
1426742336
1426743480
1426746016
1426748312
1426750728
1426751432
1426812840
1426815008
1426821408
1426830616
1426831392
1426832416
1426834712
1426835896
1426837104
1426837768
1426899216
1426901392
1426904416
1426907856
1426917016
1426918816
1426921112
1426923480
1426924104
1426985592
1426987776
1426994312
1427003416
1427004192
1427005216
1427007512
1427008432
1427009728
1427010440
1427071960
1427074256
1427080776
1427085192
1427089816
1427093304
1427093912
1427096128
1427096776
1427158328
1427160640
1427163576
1427167216
1427176200
1427179712
1427180320
1427180960
1427183112
1427185568
1427244704
1427247024
1427251816
1427262536
1427265192
1427266112
1427266720
1427269440
1427271960
1427331080
1427333408
1427340016
1427348872
1427350776
1427352520
1427353128
1427353728
1427355776
1427358352
1427417448
1427419792
1427421016
1427426416
1427435208
1427438920
1427439528
1427442112
1427444744
1427504048
1427506176
1427511400
1427521544
1427524408
1427525328
1427525936
1427526536
1427528448
1427531136
