1437882352
1437886272
1437891040
1437894616
1437897376
1437957680
1437960416
1437963816
1437965616
1437968720
1437972696
1437983736
1438044120
1438046824
1438050216
1438051904
1438055088
1438059120
1438062504
1438067384
1438070088
1438130552
1438133232
1438134144
1438138232
1438141464
1438145536
1438148768
1438153768
1438156448
1438216984
1438219632
1438220584
1438224768
1438227832
1438231960
1438235016
1438240152
1438242808
1438303416
1438306040
1438307024
1438311136
1438312416
1438318376
1438321192
1438326536
1438329168
1438476272
1438478848
1438481656
1438485368
1438486952
1438491208
1438493904
1438497456
1438501880
1438562704
1438565256
1438568088
1438571832
1438573320
1438577616
1438578976
1438583816
1438588232
1438649144
1438651664
1438654512
1438657928
1438659608
1438665056
1438665792
1438670184
1438674584
1438735576
1438738064
1438740944
1438744304
1438746128
1438751368
1438752200
1438756544
1438760936
1438822000
1438824448
1438825680
1438830680
1438831336
1438832488
1438834464
1438847296
1438847896
1438908432
1438912120
1438917064
1438918848
1438922520
1438925008
1438931208
1438933640
1438994864
1438997224
1438998576
1439003440
1439005208
1439008880
1439011408
1439017584
1439019984
1439081288
1439083616
1439085016
1439089816
1439091568
1439097816
1439103960
1439106336
1439167720
1439170000
1439171464
1439176192
1439177920
1439184216
1439190344
1439192688
1439254152
1439256384
1439256992
1439257920
1439258848
1439271336
1439275456
1439276720
1439279032
1439340576
1439342776
1439344368
1439348944
1439351616
1439352360
1439357736
1439363096
1439365376
1439427008
1439429160
1439430816
1439435320
1439439472
1439444136
1439448600
1439449672
1439451728
1439513432
1439515552
1439516504
1439517216
1439521696
1439530536
1439535000
1439535848
1439538072
1439599864
1439601936
1439602872
1439603616
1439686288
1439688328
1439690016
1439859136
1439861096
1439874376
1439879736
1439881352
1439883680
1439945560
1439947480
1439949216
1439951016
1439953568
1439960872
1439966136
1439967728
1439970040
1440031984
1440033872
1440034672
1440036440
1440037416
1440049248
1440051632
1440054104
1440056392
1440118408
1440120272
1440122808
1440124536
1440133808
1440137880
1440140480
1440142744
1440204824
1440206880
1440209168
1440211272
1440220256
1440224184
1440226856
1440229104
1440291248
1440293080
1440295536
1440297632
1440306896
1440310544
1440313232
1440315456
1440377672
1440379488
1440383016
1440384000
1440393128
1440396336
1440399392
1440401816
1440464088
1440465896
1440469416
1440470368
1440479552
1440481936
1440485768
1440488168
1440550064
1440552216
1440556728
1440557536
1440565976
1440568040
1440572144
1440574528
1440636456
1440638624
1440643096
1440644016
1440654344
1440658520
1440660880
1440722856
1440725032
1440729256
1440739008
1440744904
1440747240
1440825816
1440826784
1440829416
1440831648
1440833240
1440895648
1440897840
1440902192
1440904920
1440911136
1440912216
1440915816
1440918024
1440919584
1440982040
1440984240
1440988552
1440991416
1440995760
1440998616
1441002216
1441004408
1441005928
1441154824
1441157048
1441161336
1441164176
1441169264
1441171416
1441174832
1441176800
1441179032
1441241216
1441243456
1441247736
1441250536
1441255384
1441257816
1441261192
1441263176
1441265392
1441327608
1441329856
1441334136
1441336896
1441347552
1441349560
1441351752
1441414000
1441416128
1441430616
1441433920
1441435936
1441438112
1441586784
1441588928
1441590624
1441603400
1441606640
1441607736
1441608696
1441610832
1441673176
1441675128
1441676960
1441680816
1441688016
1441693000
1441694136
1441695080
1441697192
1441759560
1441761736
1441763408
1441767216
1441772616
1441780536
1441781256
1441782920
1441783792
1441845952
1441848136
1441849776
1441853816
1441861336
1441865944
1441868040
1441869240
1441870160
1441932336
1441934528
1441937520
1441940016
1441944336
1441957688
1441958288
1442018728
1442020928
1442022816
1442024040
1442040600
1442043104
1442104992
1442107328
1442110592
1442112816
1442120736
1442124336
1442126392
1442127072
1442129272
1442191376
1442193728
1442197032
1442199216
1442207136
1442209960
1442213456
1442214456
1442215640
1442277744
1442280128
1442284680
1442285616
1442293536
1442296232
1442299832
1442300752
1442302008
1442364120
1442366520
1442370216
1442371256
1442380848
1442382400
1442386216
1442387032
1442388384
1442450496
1442452920
1442456616
1442457808
1442467240
1442468736
1442472600
1442473312
1442474752
1442536888
1442538584
1442539320
1442542352
1442543016
1442544272
1442553632
1442558144
1442558984
1442560232
1442560920
1442623272
1442624000
1442625712
1442628808
1442629416
1442632112
1442640024
1442644536
1442645368
1442646456
1442647496
1442709648
1442710496
1442712112
1442715816
1442717400
1442718664
1442726416
1442730936
1442731752
1442732808
1442733864
1442796016
1442797072
1442798504
1442802216
1442803088
1442805096
1442811120
1442812808
1442817336
1442818136
1442820240
1442882392
1442883632
1442884896
1442888592
1442889648
1442891472
1442897280
1442899200
1442903736
1442904528
1442906608
1442968784
1442970112
1442971296
1442974960
1442976816
1442977840
1442983624
1442985600
1442990136
1442990912
1442992984
1443055168
1443056552
1443057688
1443061328
1443064208
1443064992
1443069912
1443071992
1443074952
1443077304
1443079352
1443143768
1443144752
1443145584
1443147696
1443149616
1443151368
1443162936
1443163696
1443164296
1443165728
1443167856
1443230136
1443231280
1443231968
1443234064
1443239552
1443240904
1443244792
1443247680
1443249336
1443250080
1443252096
1443316504
1443317112
1443317720
1443318360
1443320440
1443327696
1443331192
1443334040
1443335736
1443336472
1443338472
1443489248
1443489864
1443490472
1443491136
1443493176
1443498608
1443504144
1443507672
1443508568
1443509256
1443511216
1443575608
1443576240
1443576848
1443577520
1443579544
1443584696
1443588680
1443594152
1443594936
1443595648
1443597592
1443661976
1443662936
1443663912
1443666152
1443667624
1443670872
1443675208
1443679536
1443681336
1443682048
1443683968
1443748344
1443749648
1443750296
1443751536
1443752296
1443757104
1443764136
1443765200
1443766352
1443767736
1443768440
1443837936
1443838696
1443849024
1443850536
1443851456
1443852760
1443854832
1443918824
1443921464
1443923008
1443923616
1443924336
1443925104
1443935400
1443936936
1443937632
1443939168
1443941360
1444005192
1444007848
1444009408
1444010016
1444010736
1444011504
1444021768
1444022440
1444023888
1444025576
1444027744
1444091584
1444094240
1444096416
1444097168
1444097776
1444100016
1444106552
1444108856
1444110328
1444114128
1444116160
1444177968
1444180632
1444182816
1444183544
1444184152
1444185336
1444192992
1444195264
1444200512
1444201792
1444202544
1444266632
1444268608
1444270528
1444271736
1444272424
1444273624
1444279376
1444281680
1444286896
1444288184
1444288936
1444353000
1444354968
1444356904
1444358136
1444359040
1444360168
1444365752
1444366400
1444368096
1444373288
1444375320
1444439376
1444441328
1444443280
1444445016
1444445616
1444446336
1444452128
1444453848
1444454512
1444459672
1444461712
1444524584
1444525744
1444527704
1444529656
1444531248
1444532736
1444538784
1444540936
1444544616
1444546064
1444548104
1444611040
1444612112
1444614088
1444616032
1444619136
1444620096
1444624968
1444627352
1444630920
1444632456
1444634496
1444698488
1444700480
1444702408
1444705536
1444707952
1444709744
1444711256
1444713776
1444718136
1444718848
1444720888
1444784848
1444785784
1444786864
1444788792
1444791984
1444794360
1444797632
1444800200
1444804536
1444805248
1444807272
1444871216
1444872216
1444873248
1444875168
1444880168
1444880776
1444885536
1444886616
1444890936
1444891640
1444893664
1444957584
1444958608
1444959632
1444961552
1444967192
1444969256
1444971936
1444973016
1444977336
1444978040
1444980056
1445130320
1445303056
1445306016
1445307128
1445312272
1445312880
1445318616
1445320360
1445321136
1445323640
1445325640
1445389424
1445391560
1445392416
1445393536
1445397720
1445401416
1445403216
1445403936
1445406808
1445407880
1445410048
1445475792
1445477944
1445478544
1445479728
1445480336
1445487808
1445491416
1445492136
1445493096
1445494304
1445496456
1445559848
1445564336
1445564936
1445566248
1445566872
1445574136
1445577816
1445578536
1445579328
1445580736
1445582864
1445732592
1445737104
1445737704
1445739024
1445739816
1445740672
1445750616
1445751336
1445752024
1445753584
1445755688
1445821376
1445823464
1445824096
1445825416
1445826216
1445827216
1445834144
1445836936
1445837736
1445840016
1445842104
1446172536
1446173616
1446174336
1446179736
1446181920
1446183336
1446185744
1446187784
1446266136
1446266928
1446272184
1446274208
1446339640
1446340264
1446341744
1446343792
1446345376
1446352536
1446354520
1446356136
1446358616
1446360008
1446360632
1446426016
1446428136
1446430192
1446431760
1446433560
1446438936
1446439808
1446442536
1446445056
1446446280
1446447056
1446857912
1446859216
1446860080
1446862216
1446866368
1446868256
1446870936
1446874752
1446876600
1446877200
1446881728
1446944288
1446945600
1446946472
1446948624
1446952792
1446955936
1446961200
1446961944
1446962904
1446963520
1446968160
1447042200
1447047656
1447048272
1447049192
1447049920
1447054584
1447114552
1447125664
1447128432
1447134112
1447134712
1447135536
1447136320
1447141016
1447203512
1447205648
1447206568
1447207864
1447212104
1447213024
1447216536
1447220568
1447221936
1447222720
1447224880
1447289904
1447292040
1447293088
1447294280
1447298544
1447302936
1447303952
1447307032
1447308336
1447309120
1447311312
1447376320
1447378432
1447379616
1447380696
1447384992
1447388616
1447392184
1447393488
1447394736
1447395520
1447397744
1447462688
1447464928
1447466016
1447467112
1447469616
1447475016
1447478536
1447479944
1447481136
1447481920
1447484168
1447549088
1447551320
1447552416
1447553536
1447556016
1447561416
1447564880
1447566408
1447567536
1447568320
1447570600
1447635480
1447637704
1447638816
1447639960
1447642416
1447647816
1447651216
1447652232
1447652864
1447654720
1447657032
