1446172536
1446340264
1446343792
1446345376
1446430192
1446433560
1446862216
1446945600
1446961200
1446961944
1446962904
1446963520
1446968160
1447042200
1447047656
1447048272
1447049192
1447054584
1447114552
1447125664
1447134112
1447134712
1447135536
1447136320
1447207864
1447212104
1447216536
1447220568
1447221936
1447292040
1447294280
1447298544
1447302936
1447307032
1447308336
1447376320
1447379616
1447380696
1447392184
1447393488
1447394736
1447464928
1447467112
1447469616
1447479944
1447481136
1447484168
1447551320
1447566408
1447567536
1447637704
1447638816
1447647816
1447652232
1447652864
