1446272184
1446356136
1446944288
1446946472
1446948624
1447049920
1447141016
1447203512
1447205648
1447206568
1447213024
1447224880
1447289904
1447293088
1447311312
1447378432
1447384992
1447388616
1447397744
1447462688
1447466016
1447478536
1447549088
1447552416
1447553536
1447556016
1447561416
1447564880
1447570600
1447635480
1447639960
1447642416
1447651216
1447657032
1446185744
1446968160
1447292040
1446343792
1446945600
1447042200
1447047656
1447054584
1447114552
1447125664
1447134712
1447207864
1447048272
1447392184
1446172536
1446340264
1446345376
1446430192
1446433560
1446862216
1446961200
1446961944
1446962904
